[header]
width=50
height=50
tilewidth=16
tileheight=16
orientation=orthogonal

[tilesets]
tileset=../maptiles.png,16,16,0,0

[layer]
type=background
data=
3,3,3,3,3,3,3,3,3,3,3,3,3,3,3,3,3,3,3,3,3,3,3,3,3,3,3,3,3,3,3,3,3,3,3,3,3,3,3,3,3,3,3,3,3,3,3,3,3,3,
3,3,3,3,3,3,3,3,3,3,3,3,3,3,3,3,3,3,3,3,3,3,3,3,3,3,3,3,3,3,3,3,3,3,3,3,3,3,3,3,3,3,3,3,3,3,3,3,3,3,
3,3,2,2,2,2,2,2,2,2,2,2,2,2,2,2,2,2,2,2,2,2,2,2,2,2,2,2,1,1,1,1,1,2,2,2,2,2,2,2,2,2,2,2,2,2,2,2,3,3,
3,3,2,1,1,1,1,2,2,2,2,2,1,1,1,2,2,2,2,2,2,2,2,2,2,2,2,2,1,1,1,1,1,2,2,2,2,2,2,2,2,2,2,2,2,2,2,2,3,3,
3,3,2,1,1,1,1,1,1,1,1,1,1,1,1,1,1,1,1,1,2,2,2,1,1,2,2,2,1,1,1,1,1,2,2,2,2,2,2,2,2,2,2,2,2,2,2,2,3,3,
3,3,2,1,1,1,1,2,2,1,2,2,1,1,1,2,2,2,2,1,2,2,1,1,1,1,2,2,1,1,1,1,1,2,2,2,2,2,2,2,2,2,2,2,2,2,2,2,3,3,
3,3,2,2,2,2,2,2,2,1,2,2,2,1,2,2,2,2,2,1,1,1,1,1,1,1,1,2,2,2,1,2,2,2,2,2,2,2,2,2,2,2,2,2,2,2,2,2,3,3,
3,3,2,2,2,2,2,2,1,1,2,2,2,1,2,1,1,1,2,1,2,2,1,1,1,1,1,1,1,1,1,1,1,1,2,2,2,2,2,2,2,2,2,2,2,2,2,2,3,3,
3,3,2,1,1,1,2,1,1,2,2,1,1,1,1,1,1,1,1,1,2,2,1,1,1,1,2,2,2,2,1,1,1,2,2,2,2,2,2,2,2,2,2,2,2,2,2,2,3,3,
3,3,2,1,1,1,1,1,2,2,1,1,2,2,1,1,1,1,2,2,2,2,2,1,1,2,2,2,1,1,1,1,2,2,2,2,2,2,2,2,2,2,2,2,2,2,2,2,3,3,
3,3,2,1,1,1,2,1,2,2,1,2,2,2,1,1,1,1,2,1,1,1,2,2,2,2,2,2,1,1,1,1,1,2,2,2,2,2,2,2,2,2,2,2,2,2,2,2,3,3,
3,3,2,2,2,2,2,1,2,1,1,1,2,2,2,2,1,2,2,1,1,1,2,2,2,2,2,2,1,1,1,1,1,2,2,2,2,2,2,2,2,2,2,2,2,2,2,2,3,3,
3,3,2,1,1,1,2,1,2,1,1,1,2,2,2,2,1,2,2,1,1,1,2,1,1,2,2,2,2,2,1,2,2,2,2,2,2,2,2,2,2,2,2,2,2,2,2,2,3,3,
3,3,1,1,1,1,1,1,2,1,1,1,2,2,2,1,1,1,2,2,1,2,2,1,1,2,2,2,2,2,1,2,2,2,2,2,2,2,2,2,2,2,2,2,2,2,2,2,3,3,
3,3,2,1,1,1,2,1,2,2,4,2,2,2,1,1,1,1,1,2,1,2,2,1,1,2,2,2,2,2,1,2,2,2,2,2,2,2,2,2,2,2,2,2,2,2,2,2,3,3,
3,3,2,2,2,2,2,1,2,2,2,2,2,2,1,1,1,1,1,1,1,1,1,1,1,1,2,1,1,2,1,2,2,2,2,2,2,2,2,2,2,2,2,2,2,2,2,2,3,3,
3,3,2,2,1,2,2,1,2,2,2,2,2,2,1,1,1,1,1,2,1,2,2,1,1,2,2,1,1,2,1,2,2,2,2,2,2,2,2,2,2,2,2,2,2,2,2,2,3,3,
3,3,2,2,1,2,2,1,2,2,2,2,2,2,2,1,1,1,2,2,1,2,2,1,1,2,2,1,1,2,1,2,2,2,2,2,2,2,2,2,2,2,2,2,2,2,2,2,3,3,
3,3,2,1,1,1,1,1,1,1,1,1,2,2,2,2,1,2,2,1,1,1,2,1,1,1,2,1,1,2,1,2,2,2,2,2,2,2,2,2,2,2,2,2,2,2,2,2,3,3,
3,3,2,2,2,2,2,1,2,2,1,2,2,2,2,2,1,2,1,1,1,1,2,2,1,1,1,1,1,2,1,2,2,2,2,2,2,2,2,2,2,2,2,2,2,2,2,2,3,3,
3,3,2,2,1,2,2,1,2,2,1,2,2,2,2,2,1,2,1,1,1,1,1,2,1,1,2,1,1,2,1,2,2,2,2,2,2,2,2,2,2,2,2,2,2,2,2,2,3,3,
3,3,2,1,1,1,2,1,2,1,1,1,1,2,2,2,1,2,1,1,1,1,1,2,1,1,2,1,1,2,1,2,2,2,2,2,2,2,2,2,2,2,2,2,2,2,2,2,3,3,
3,3,2,1,1,1,1,1,1,1,1,1,1,1,1,1,1,2,2,1,1,1,2,2,1,1,2,2,2,2,1,2,2,2,2,2,2,2,2,2,2,2,2,2,2,2,2,2,3,3,
3,3,2,1,1,1,2,1,2,1,1,1,1,2,2,2,1,2,2,2,1,2,2,2,1,1,1,1,1,1,1,2,2,2,2,2,2,2,2,2,2,2,2,2,2,2,2,2,3,3,
3,3,2,2,1,2,2,1,2,2,2,1,2,2,2,2,1,2,2,2,1,2,2,2,1,1,2,2,2,2,2,2,2,2,2,2,2,2,2,2,2,2,2,2,2,2,2,2,3,3,
3,3,2,2,2,2,2,1,2,2,2,1,2,2,2,2,1,2,2,2,1,1,1,1,1,1,1,2,1,1,1,2,2,2,2,2,2,2,2,2,2,2,2,2,2,2,2,2,3,3,
3,3,2,2,2,2,2,1,2,2,1,1,1,1,2,2,1,2,2,2,2,1,2,2,1,1,1,1,1,1,1,1,2,2,2,2,2,2,2,2,2,2,2,2,2,2,2,2,3,3,
3,3,2,2,2,2,2,1,2,2,1,1,1,1,1,1,1,1,1,2,2,1,2,2,1,1,2,1,1,1,1,1,2,2,2,2,2,2,2,2,2,2,2,2,2,2,2,2,3,3,
3,3,2,2,2,2,2,1,2,2,1,1,1,1,2,2,1,2,1,2,1,1,1,2,1,1,2,2,1,1,1,2,2,2,2,2,2,2,2,2,2,2,2,2,2,2,2,2,3,3,
3,3,2,2,1,1,1,1,2,2,2,2,1,2,2,2,1,2,1,1,1,1,1,2,1,1,2,2,2,1,2,2,2,2,2,2,2,2,2,2,2,2,2,2,2,2,2,2,3,3,
3,3,1,1,1,2,2,1,1,2,2,2,1,2,2,2,1,2,2,2,1,1,1,2,1,1,2,2,2,1,2,2,2,2,2,2,2,2,2,2,2,2,2,2,2,2,2,2,3,3,
3,3,1,2,1,2,1,1,1,1,2,2,1,2,2,2,1,2,2,2,2,1,2,2,1,1,2,2,1,1,1,2,2,2,2,2,2,2,2,2,2,2,2,2,2,2,2,2,3,3,
3,3,2,2,2,2,1,1,1,1,2,2,1,2,2,1,1,1,2,2,1,1,2,2,1,1,2,2,1,1,1,2,2,2,2,2,2,2,2,2,2,2,2,2,2,2,2,2,3,3,
3,3,2,2,2,2,2,1,1,2,2,2,1,2,2,1,1,1,1,1,1,2,2,2,1,1,2,2,1,1,1,2,2,2,2,2,2,2,2,2,2,2,2,2,2,2,2,2,3,3,
3,3,2,1,1,2,1,1,1,1,1,1,1,2,2,1,1,1,2,2,2,2,1,1,1,1,2,2,2,1,2,2,2,2,2,2,2,2,2,2,2,2,2,2,2,2,2,2,3,3,
3,3,1,1,1,2,2,1,1,2,2,2,2,2,2,2,1,2,2,2,2,1,1,1,1,1,2,2,2,1,2,2,2,2,2,2,2,2,2,2,2,2,2,2,2,2,2,2,3,3,
3,3,1,1,1,2,1,1,1,1,2,2,2,1,2,2,1,2,2,1,2,1,1,2,1,1,2,2,1,1,2,2,2,2,2,2,2,2,2,2,2,2,2,2,2,2,2,2,3,3,
3,3,2,1,1,2,1,1,1,1,2,2,2,1,2,2,1,2,2,1,1,1,2,2,1,1,2,2,2,1,1,1,1,1,2,2,2,2,2,2,2,2,2,2,2,2,2,2,3,3,
3,3,2,1,2,2,2,1,1,2,2,2,1,1,1,1,1,2,2,1,2,2,2,2,1,1,2,2,2,1,2,2,2,1,2,2,2,2,2,2,2,2,2,2,2,2,2,2,3,3,
3,3,2,1,2,2,2,2,2,2,2,2,2,1,2,2,1,2,2,1,1,1,1,2,1,1,1,1,1,1,2,2,2,1,2,2,2,2,2,2,2,2,2,2,2,2,2,2,3,3,
3,3,1,1,1,2,2,2,2,2,2,2,2,1,2,2,1,2,2,1,1,1,1,2,1,1,2,1,1,1,2,1,1,1,1,2,2,2,2,2,2,2,2,2,2,2,2,2,3,3,
3,3,1,1,1,2,2,2,2,2,2,2,1,1,1,2,2,2,2,2,1,1,1,2,1,1,2,2,2,1,1,1,1,1,1,2,2,2,2,2,2,2,2,2,2,2,2,2,3,3,
3,3,1,1,1,1,1,1,1,1,1,1,1,1,1,2,2,2,2,2,1,2,2,2,1,1,2,2,2,2,2,1,1,1,1,2,2,2,2,2,2,2,2,2,2,2,2,2,3,3,
3,3,1,1,1,2,2,1,2,2,2,2,1,1,1,2,2,2,1,2,1,2,2,2,2,2,2,2,2,2,2,1,1,1,1,2,2,2,2,2,2,2,2,2,2,2,2,2,3,3,
3,3,1,1,1,2,2,1,2,1,1,1,1,2,2,2,2,2,1,1,1,2,2,2,2,2,2,2,2,2,2,2,2,2,2,2,2,2,2,2,2,2,2,2,2,2,2,2,3,3,
3,3,2,2,2,2,2,1,1,1,1,1,2,2,2,2,2,2,1,1,2,2,2,2,2,2,2,2,2,2,2,2,2,2,2,2,2,2,2,2,2,2,2,2,2,2,2,2,3,3,
3,3,2,2,2,2,2,2,2,1,1,1,1,1,1,1,1,1,1,2,2,2,2,2,2,2,2,2,2,2,2,2,2,2,2,2,2,2,2,2,2,2,2,2,2,2,2,2,3,3,
3,3,2,2,2,2,2,2,2,2,2,2,2,2,2,2,2,2,2,2,2,2,2,2,2,2,2,2,2,2,2,2,2,2,2,2,2,2,2,2,2,2,2,2,2,2,2,2,3,3,
3,3,3,3,3,3,3,3,3,3,3,3,3,3,3,3,3,3,3,3,3,3,3,3,3,3,3,3,3,3,3,3,3,3,3,3,3,3,3,3,3,3,3,3,3,3,3,3,3,3,
3,3,3,3,3,3,3,3,3,3,3,3,3,3,3,3,3,3,3,3,3,3,3,3,3,3,3,3,3,3,3,3,3,3,3,3,3,3,3,3,3,3,3,3,3,3,3,3,3,3

