[header]
width=20
height=20
tilewidth=16
tileheight=16
orientation=orthogonal

[tilesets]
tileset=../maptiles.png,16,16,0,0

[layer]
type=Tile Layer 1
data=
2,2,2,2,2,2,2,2,2,2,2,2,2,2,2,2,2,2,2,2,
2,2,2,2,2,2,2,2,2,2,2,2,2,2,2,2,2,2,2,2,
2,2,1,1,1,1,1,1,1,1,1,1,1,1,1,1,1,1,2,2,
2,2,1,2,2,2,2,1,1,2,2,2,1,1,1,1,1,1,2,2,
2,2,1,2,2,2,2,1,1,2,2,2,1,1,2,2,2,1,2,2,
2,2,1,1,1,1,1,1,1,1,1,1,1,1,2,2,2,1,2,2,
2,2,1,2,2,2,2,1,1,2,2,2,1,1,2,2,2,1,2,2,
2,2,1,2,2,2,2,1,1,2,2,2,1,1,1,1,1,1,2,2,
2,2,1,2,2,2,2,1,1,2,2,2,1,1,1,1,1,1,2,2,
2,2,1,1,1,1,1,1,1,1,1,1,1,1,2,2,2,1,2,2,
2,2,1,1,1,1,1,1,1,1,1,1,1,1,2,2,2,1,2,2,
2,2,1,1,2,2,2,1,1,2,2,2,1,1,2,2,2,1,2,2,
2,2,1,1,2,2,2,1,1,2,2,2,1,1,1,1,1,1,2,2,
2,2,1,1,2,2,2,1,1,2,2,2,1,1,1,1,1,1,2,2,
2,2,1,1,1,1,1,1,1,1,1,1,1,1,2,2,2,1,2,2,
2,2,1,1,2,2,1,1,1,1,2,2,1,1,2,2,2,1,2,2,
2,2,1,1,2,2,1,1,1,1,2,2,1,1,2,2,2,1,2,2,
2,2,1,1,1,1,1,1,1,1,1,1,1,1,1,1,1,1,2,2,
2,2,2,2,2,2,2,2,2,2,2,2,2,2,2,2,2,2,2,2,
2,2,2,2,2,2,2,2,2,2,2,2,2,2,2,2,2,2,2,2

